0.00155719
0.00160247
0.0016099
0.00155861
0.00161668
0.00155246
0.00159036
0.00155999
0.00156854
0.00159184
0.00156164
0.00155736
0.00157717
0.00155828
0.00155975
0.00159986
0.00157312
0.00157871
0.00157176
0.00158609
0.00155906
0.00155862
0.00156421
0.00156294
0.00158669
0.00157831
0.00158574
0.00156304
0.00156603
0.0016159
0.00156817
0.00156281
0.00160725
0.00157143
0.00162816
0.00156081
0.00156482
0.00155905
0.00156384
0.00158355
0.00156834
0.00156009
0.00160125
0.0015748
0.00156966
0.00157094
0.00157364
0.00156857
0.00156393
0.00156644
