0.00122389
0.00122404
0.00123255
0.00121585
0.00121129
0.0012226
0.00121542
0.00120294
0.00119741
0.00121132
0.00122047
0.00121308
0.00122379
0.00120546
0.00121588
0.00120813
0.00120196
0.00120719
0.00121004
0.00122515
0.00122909
0.00119438
0.00122335
0.00119847
0.00120442
0.00121236
0.00120294
0.00119389
0.00121422
0.00135272
0.00120555
0.00123593
0.00119778
0.00122507
0.00121981
0.00120683
0.00168582
0.00119882
0.00121589
0.00120136
0.00121322
0.00119947
0.00121288
0.00122514
0.00121147
0.00123368
0.00123326
0.00120652
0.00119937
0.00124812
