0.00367531
0.00358407
0.00350055
0.00352037
0.00352943
0.00354552
0.00351016
0.0035304
0.00352798
0.00351266
0.00352278
0.00348763
0.00350987
0.00351602
0.00349851
0.00350881
0.00349853
0.00348756
0.00349483
0.00351314
0.00367866
0.00352823
0.00348906
0.00349503
0.00352978
0.00350625
0.00351989
0.00349068
0.00352926
0.00349644
0.00365228
0.00351735
0.00352608
0.00351419
0.00350202
0.00349832
0.00350557
0.00354167
0.00347843
0.00354852
0.00349082
0.0035039
0.00352687
0.00353449
0.00351606
0.00350785
0.00351023
0.00351302
0.00355304
0.00354671
