0.00131092
0.00123533
0.00124113
0.00126741
0.0012678
0.00125688
0.00122387
0.00128759
0.00123871
0.00123439
0.00122132
0.00123932
0.00124281
0.0012568
0.00124172
0.0012484
0.00123995
0.00124639
0.00124832
0.0012449
0.00123572
0.00124306
0.00124776
0.00126321
0.00125597
0.00123022
0.00124773
0.00124252
0.00124165
0.00123437
0.00127118
0.00124993
0.0012447
0.00125283
0.00124514
0.00123111
0.00125133
0.00125108
0.00123133
0.00125233
0.00124148
0.0012366
0.00123437
0.00126656
0.0012491
0.00123589
0.00123248
0.00123372
0.00124347
0.00124669
