0.00221482
0.00219517
0.00218901
0.0021931
0.00223535
0.00221321
0.00221022
0.00220724
0.00220089
0.00219046
0.00220178
0.00223953
0.0022087
0.00223774
0.00220909
0.00221851
0.00220869
0.00218872
0.00221163
0.0021812
0.00221119
0.00222891
0.0022027
0.00219572
0.00220599
0.00220115
0.00222907
0.00221884
0.00220001
0.00229158
0.00221427
0.00224296
0.00221381
0.00222614
0.00222046
0.00221123
0.00219225
0.00221986
0.00219879
0.00221276
0.00226675
0.00220572
0.0022001
0.00226001
0.0022502
0.00218606
0.00218481
0.00222546
0.00222698
0.00218604
