0.00638128
0.00636141
0.00636461
0.0063705
0.00635409
0.0063524
0.00634618
0.00638138
0.00636679
0.00645838
0.00636168
0.00649136
0.00644135
0.00635533
0.00636194
0.00635725
0.00649328
0.00639382
0.00638029
0.0063791
0.00639891
0.0064672
0.0063646
0.00634728
0.00641606
0.0063814
0.00634781
0.00634649
0.00637844
0.00649523
0.00635414
0.00649077
0.00663435
0.00638174
0.00635844
0.0063686
0.00638589
0.00640175
0.00635137
0.00637094
0.00640804
0.0063473
0.00634489
0.00640607
0.00634907
0.00634659
0.00637346
0.00636213
0.00638668
0.0063629
