0.00091533
0.00091008
0.00089721
0.00088681
0.00090091
0.00086915
0.00088218
0.00089937
0.00087643
0.00089526
0.00088746
0.00091518
0.00089189
0.00089705
0.00092583
0.00089275
0.00090063
0.00089544
0.00090865
0.00089653
0.00090982
0.00091569
0.00088376
0.00088985
0.00090397
0.0009242
0.00093597
0.00088179
0.00090354
0.00089857
0.0008936
0.00091402
0.00089749
0.00089475
0.00086754
0.00090428
0.00087872
0.00087578
0.00086902
0.00092928
0.0009064
0.00090357
0.00090387
0.00090869
0.00090225
0.00088033
0.00089598
0.00092263
0.00089161
0.00087472
