0.00529202
0.00697652
0.00531299
0.00530863
0.00527763
0.00532855
0.00532157
0.00530792
0.00529593
0.00540614
0.0053028
0.00531529
0.0053075
0.0053162
0.00533079
0.00529972
0.00528323
0.00530923
0.00530792
0.00530702
0.00531682
0.00532391
0.00531033
0.00530904
0.00538598
0.00530557
0.00530881
0.00529049
0.00531506
0.00532322
0.00529627
0.00530625
0.00528861
0.00531959
0.00532808
0.00530657
0.00531558
0.00532453
0.00531226
0.0053289
0.00531362
0.00531357
0.00532243
0.00532189
0.00531132
0.00532403
0.00531443
0.00531352
0.00529983
0.00532717
