0.00072939
0.00068439
0.00061013
0.00058935
0.00060102
0.00058532
0.00058208
0.00058268
0.00057522
0.00058637
0.00058846
0.00057053
0.00058536
0.00058876
0.00059904
0.00059049
0.00059053
0.00057858
0.00058619
0.00060004
0.00058898
0.00060565
0.00058555
0.00058603
0.0005986
0.00059093
0.00060195
0.00060171
0.00058818
0.00059135
0.00058002
0.00060477
0.00060146
0.0005868
0.00059017
0.0005998
0.00059541
0.0005767
0.00060846
0.00058573
0.00058348
0.00058606
0.00058876
0.0005899
0.00060125
0.00058888
0.00060553
0.00058575
0.00057614
0.00057496
