0.00015787
0.0001548
0.00015962
0.00016106
0.00015982
0.00015368
0.00015582
0.00020039
0.00015285
0.00015234
0.000155
0.0001517
0.00015865
0.00015845
0.00015499
0.00015714
0.0001551
0.00015393
0.00015815
0.00016234
0.00016429
0.00015557
0.00015267
0.0001579
0.00015824
0.00015501
0.00015764
0.0001557
0.00016096
0.00014994
0.00015232
0.00015697
0.00015103
0.00015392
0.00016867
0.0001575
0.00015501
0.00015817
0.00015627
0.00017483
0.00015761
0.00015747
0.00015399
0.00017861
0.00015282
0.00015642
0.00015716
0.00016253
0.00016421
0.00016337
