0.00228387
0.0022544
0.002268
0.00233229
0.00232926
0.00227352
0.00230218
0.0022962
0.0022761
0.00226373
0.00227172
0.0022984
0.00226721
0.00226557
0.00226614
0.00225466
0.0022814
0.00227565
0.0022836
0.00229475
0.00227248
0.00230717
0.00230124
0.00226649
0.00229149
0.00228087
0.00229804
0.00228266
0.00227198
0.00228397
0.00228027
0.00227313
0.00226005
0.00228091
0.00228709
0.00228587
0.00225775
0.00229569
0.00229798
0.00227265
0.00227406
0.00227707
0.00227006
0.00226986
0.00229051
0.00228236
0.00228268
0.00229115
0.0022676
0.00228024
