0.00022075
0.00021547
0.00020956
0.00028438
0.0002487
0.00025697
0.00024371
0.00027197
0.00021344
0.00025904
0.0002554
0.00021641
0.00021568
0.00027835
0.00025504
0.00022179
0.00026043
0.00022847
0.00027245
0.00025796
0.00029248
0.00022006
0.00028576
0.00027256
0.00026935
0.00021226
0.00020979
0.00027905
0.00027715
0.00024186
0.00021918
0.00023398
0.00024376
0.00021586
0.00026883
0.00026744
0.00025697
0.00022467
0.00022372
0.0002143
0.0002752
0.0002136
0.00021783
0.00022545
0.00025862
0.00027983
0.00021302
0.00021024
0.0002749
0.00021349
