0.00122488
0.00116768
0.00123966
0.00119542
0.00118785
0.00117457
0.00116144
0.00119582
0.00128778
0.00118789
0.00119855
0.00119275
0.00121789
0.00120921
0.00118602
0.00118949
0.00119542
0.00120347
0.00117145
0.00117175
0.00119088
0.0011638
0.00117518
0.00117537
0.00118433
0.00119745
0.0011609
0.0011782
0.00118204
0.00119844
0.00116115
0.00117492
0.00118444
0.00119894
0.00117551
0.00118793
0.00119175
0.00118187
0.00117856
0.00118241
0.00119336
0.00117904
0.00119713
0.00119357
0.00116462
0.00116283
0.00117332
0.00118849
0.00117006
0.00122108
