0.00065815
0.00064082
0.00064696
0.00063436
0.00064595
0.00064131
0.00064672
0.00063255
0.00062615
0.00064068
0.0006464
0.00062734
0.00064201
0.00064037
0.00063914
0.00064114
0.00064982
0.00063638
0.00064633
0.00064139
0.00063817
0.00064609
0.00062626
0.00061914
0.00066422
0.00063114
0.00063887
0.00063132
0.00063679
0.00062986
0.00063146
0.00063293
0.00063429
0.00062943
0.00062638
0.00067943
0.00062857
0.00065052
0.00063537
0.00065522
0.00063919
0.00063819
0.0006388
0.00065582
0.00062787
0.00063153
0.00063792
0.00064021
0.00067622
0.00063872
