0.00025099
0.00024028
0.00025784
0.00024531
0.00026356
0.00024579
0.0002465
0.00025395
0.00025069
0.00025855
0.00025114
0.00024807
0.00023802
0.00024882
0.00023537
0.00025082
0.00025325
0.00025688
0.00025056
0.00025308
0.00025109
0.00024314
0.00023534
0.00023509
0.00023803
0.00027169
0.00024663
0.00024483
0.00025315
0.00023968
0.00024781
0.00023817
0.00024881
0.00025835
0.000243
0.00024395
0.00024443
0.00023891
0.0002502
0.00024312
0.00023768
0.00026309
0.00023442
0.00024372
0.00024373
0.00024736
0.00029188
0.00023352
0.00024342
0.00025268
