0.00842569
0.00816015
0.0079087
0.00797771
0.00800948
0.00803314
0.00790708
0.00791331
0.00791954
0.00791558
0.00788258
0.00793275
0.00811181
0.00790127
0.00789854
0.00790925
0.00789219
0.00792374
0.00792006
0.00788876
0.00794254
0.00793508
0.00791669
0.00790857
0.00830338
0.00788919
0.0079107
0.00789639
0.00792549
0.00791587
0.00790453
0.00788753
0.00790529
0.00789297
0.007891
0.00791622
0.00796576
0.00788579
0.00790931
0.00791855
0.00789826
0.00791438
0.00790199
0.00788192
0.00790288
0.00791985
0.00791866
0.00792432
0.0078891
0.00801455
