0.00302609
0.00300954
0.00317865
0.00300763
0.00303348
0.00299209
0.00300638
0.00301381
0.00301232
0.00303931
0.00301758
0.00303247
0.00300379
0.00301007
0.00299918
0.00301478
0.00300013
0.0030206
0.00300935
0.00301167
0.00300549
0.00301814
0.00299994
0.00301487
0.003026
0.00302604
0.00303002
0.00301522
0.00309488
0.00299807
0.00302742
0.00302632
0.00301894
0.00300254
0.00302091
0.00299074
0.00299225
0.00301266
0.00299528
0.00300775
0.00303015
0.00303202
0.00301032
0.00301956
0.00302846
0.00301383
0.00301172
0.00304682
0.00300417
0.00300545
