0.00796292
0.00790186
0.00792502
0.00814317
0.00791219
0.00803259
0.00791066
0.00792891
0.00794114
0.00793719
0.00792242
0.00800078
0.0079341
0.00793292
0.00865111
0.00797197
0.00797827
0.00790907
0.00794845
0.00796226
0.00793968
0.00816909
0.00794639
0.0079459
0.00794889
0.00801427
0.00797808
0.00797846
0.00796736
0.00793262
0.00823259
0.00801454
0.00794438
0.00801616
0.00799938
0.0079788
0.00795155
0.0079437
0.00803983
0.00799721
0.00799275
0.00799978
0.00794991
0.00813712
0.00800271
0.00796928
0.00794977
0.00790692
0.00805159
0.0079246
