0.0050445
0.00480127
0.00489509
0.00495232
0.00515628
0.00486774
0.00484856
0.00497779
0.00501112
0.00489458
0.00494618
0.0048832
0.00489617
0.0049448
0.0048507
0.00488853
0.00486434
0.00493676
0.00484349
0.00489604
0.00491317
0.00488628
0.0049339
0.0048819
0.00491264
0.00481971
0.00481625
0.00482524
0.00498488
0.00487883
0.00492538
0.00484266
0.00494023
0.00496646
0.00488053
0.00487016
0.00489221
0.00481753
0.00486213
0.00484576
0.00493041
0.00476351
0.00484324
0.00498619
0.0049517
0.00489859
0.004883
0.00485447
0.00493349
0.00487932
