0.00420476
0.00393317
0.00394901
0.00396291
0.00396059
0.00395162
0.00405633
0.00396832
0.00394645
0.00393232
0.00394907
0.00396132
0.00393064
0.00394885
0.00396282
0.00394718
0.00395442
0.00395549
0.00394773
0.00395994
0.00394509
0.00394088
0.00394712
0.00395511
0.00395885
0.0039768
0.00396389
0.00396836
0.0039582
0.00393387
0.00402881
0.00396347
0.00396501
0.00396247
0.00394128
0.00395644
0.00394451
0.00393774
0.0039524
0.00395132
0.00394346
0.00395698
0.00391812
0.00400463
0.00393749
0.00397538
0.00394682
0.00395643
0.00394301
0.00396744
