0.00645758
0.0050814
0.00498957
0.00501662
0.00503281
0.00501809
0.00515495
0.00502997
0.00502574
0.00506502
0.00502161
0.0049984
0.00503456
0.0050009
0.00501077
0.00513806
0.00504426
0.00502442
0.00504011
0.00502395
0.0052338
0.00502059
0.00501978
0.00499837
0.00501311
0.00515313
0.00499644
0.0050372
0.00503181
0.0050533
0.00518131
0.00503481
0.00501848
0.0050599
0.00512633
0.00504426
0.00501043
0.00498922
0.00501091
0.00503013
0.00502682
0.00502705
0.00500933
0.00507013
0.00502489
0.00500816
0.00502475
0.00509158
0.00501744
0.00501189
