0.00613784
0.00577115
0.00592492
0.00570351
0.00586194
0.00578592
0.00583656
0.00570212
0.00569382
0.0056979
0.00570691
0.00591085
0.00599799
0.00571987
0.00570985
0.00591478
0.00569094
0.00577941
0.00591574
0.00568674
0.00570563
0.00570333
0.00579368
0.00572468
0.00571293
0.00571581
0.00571081
0.00578725
0.00569442
0.00570023
0.00572391
0.00576514
0.00581954
0.00569296
0.00570041
0.00571136
0.00577213
0.00569367
0.00569931
0.00569438
0.00592565
0.00570087
0.00570652
0.00574233
0.00585879
0.00576598
0.00568725
0.0056824
0.00572049
0.00588487
