0.00256744
0.00246679
0.00249832
0.00253397
0.00245687
0.00245204
0.00241526
0.00240971
0.00243238
0.00242162
0.00242488
0.00241778
0.00242279
0.00244704
0.00244017
0.00242367
0.00260211
0.00243466
0.00254554
0.00255721
0.00259988
0.00256629
0.00254803
0.0024514
0.00240626
0.00248776
0.00242933
0.00243088
0.00250961
0.00243545
0.00245145
0.00254898
0.00245152
0.00243554
0.00256505
0.0024506
0.00244793
0.00257878
0.00244202
0.00245343
0.00253886
0.00246863
0.00246468
0.00251469
0.00246249
0.00243143
0.00249091
0.00244798
0.00246498
0.00249527
