0.00251559
0.00251378
0.00254826
0.00244333
0.00248289
0.0024873
0.00254173
0.00251848
0.00246778
0.00251223
0.0024627
0.00257684
0.00247373
0.00250084
0.00244348
0.0024365
0.00247505
0.00242878
0.00252452
0.00250983
0.00250185
0.00250959
0.0024959
0.00245443
0.00261727
0.00242862
0.00244823
0.00245095
0.00244783
0.00249598
0.00248455
0.00253711
0.00244732
0.00254118
0.00251706
0.00250619
0.00244535
0.0025298
0.00241436
0.00250048
0.00242858
0.00246688
0.00245213
0.00249032
0.00252316
0.00250421
0.00247963
0.00248546
0.00248722
0.00246646
