0.00048116
0.00046112
0.00047125
0.00047348
0.000458
0.00045472
0.00047502
0.00045806
0.00047417
0.00047616
0.00046997
0.00047611
0.00045914
0.00045809
0.00045918
0.00045653
0.00047445
0.00046576
0.00047258
0.00048126
0.00047314
0.00047342
0.00047988
0.00046206
0.00058823
0.00046975
0.00046452
0.00045904
0.00046601
0.00046866
0.00045513
0.00046934
0.00045324
0.00047604
0.00062848
0.00047045
0.00047694
0.00046106
0.00045739
0.00048312
0.00046448
0.00046713
0.00046341
0.00048199
0.00047729
0.00047518
0.00047636
0.00046812
0.00045741
0.00046503
