0.00046472
0.00046536
0.00045548
0.00047888
0.00046814
0.00045462
0.00046213
0.00045804
0.00045781
0.00046589
0.00046408
0.00046108
0.00047997
0.00045597
0.00047029
0.00046454
0.00045984
0.00047653
0.00047114
0.00045787
0.00048103
0.00048927
0.00048767
0.0004597
0.00046735
0.00049576
0.00046385
0.00046069
0.00046863
0.00046019
0.00045149
0.00047561
0.0004586
0.00046235
0.00049008
0.00046571
0.0004606
0.00049887
0.00046438
0.00045596
0.00048971
0.00047078
0.00046636
0.0004782
0.00046914
0.00046438
0.00049137
0.00046021
0.00046079
0.00048428
