0.00242503
0.00248729
0.00242429
0.00243043
0.00244675
0.00244118
0.00244804
0.0024469
0.00244277
0.00241506
0.00243351
0.00243726
0.0024842
0.00246153
0.00248283
0.00244216
0.00244534
0.00246832
0.00254836
0.00246628
0.00244791
0.00243689
0.00244359
0.00245494
0.0034498
0.00243668
0.0024971
0.0024629
0.00243087
0.00242927
0.00242353
0.00243659
0.00345489
0.00259205
0.00242673
0.00245007
0.00245106
0.0024389
0.00244208
0.00242464
0.00248121
0.00311985
0.00248642
0.00250942
0.00245451
0.00245318
0.00242552
0.00261952
0.00244168
0.00243641
