0.00046099
0.00045993
0.00047019
0.00045354
0.00045842
0.00048032
0.00045713
0.00046955
0.00046059
0.00046399
0.0004631
0.00047279
0.00046451
0.00047851
0.00046664
0.00046381
0.00046227
0.00045871
0.00046685
0.00046128
0.00047147
0.00048794
0.00046369
0.00047234
0.00047473
0.00047231
0.0004682
0.00048655
0.00046466
0.00046267
0.0004804
0.00046375
0.00046882
0.00046534
0.00046833
0.00046338
0.00047289
0.00046112
0.00047548
0.00047002
0.00046326
0.00046954
0.00046395
0.00047049
0.0004671
0.00048711
0.00047434
0.00047145
0.00047082
0.00046053
