0.00042927
0.00041208
0.0004246
0.0004636
0.00040096
0.0004094
0.00041652
0.00040581
0.00041251
0.0004434
0.00041669
0.00041898
0.00041142
0.00041116
0.00041269
0.00040639
0.00042035
0.00040274
0.00040758
0.00042003
0.0004124
0.00040488
0.00041889
0.00040429
0.00040672
0.00044309
0.00041139
0.00041855
0.00041108
0.00040372
0.00041596
0.00041199
0.00041775
0.00040586
0.00040438
0.00042155
0.00040986
0.00041101
0.00041386
0.00041644
0.00041333
0.00042856
0.00042058
0.00041152
0.00042105
0.00041131
0.00041459
0.00041843
0.00041215
0.00041494
