0.0025801
0.00252326
0.00244757
0.00255659
0.00257589
0.0024977
0.00251455
0.00247987
0.00247994
0.00245321
0.00253097
0.00247884
0.00248837
0.00251171
0.002438
0.00244329
0.00245757
0.00243095
0.00249721
0.00245782
0.00241664
0.00243882
0.0024527
0.00244511
0.00245639
0.00246815
0.00242554
0.0024452
0.0024999
0.00244671
0.0024623
0.00249101
0.00244376
0.00249
0.00252043
0.00244598
0.00256562
0.00255236
0.00257276
0.00256667
0.00255884
0.00247404
0.00245393
0.00244025
0.00255786
0.00249035
0.0024551
0.00243471
0.0024578
0.00243194
