0.00260291
0.00249859
0.00248105
0.00254854
0.0024763
0.00248065
0.00255425
0.00248217
0.00249916
0.00257079
0.0024968
0.00248388
0.00265253
0.00252615
0.0025524
0.00247208
0.00250838
0.00251879
0.00247679
0.00260761
0.00250921
0.00248913
0.00252592
0.00246312
0.00249998
0.00257634
0.00249885
0.00248953
0.00344426
0.00249713
0.00248112
0.00267746
0.00249931
0.00247981
0.00249046
0.00249468
0.00247012
0.00253163
0.00257536
0.00248717
0.00251152
0.00257335
0.0024834
0.00250069
0.00253222
0.00250318
0.00395612
0.00260489
0.00249866
0.00246862
