0.0004673
0.00046917
0.00045672
0.00046805
0.00045956
0.00045842
0.00045238
0.00046792
0.00044965
0.00047935
0.00045899
0.00047477
0.00045065
0.00047182
0.00046516
0.0004653
0.00055643
0.00046682
0.00045822
0.00044934
0.00046099
0.00046073
0.00047196
0.00045843
0.0004783
0.00047306
0.00046107
0.00046346
0.00046538
0.00045963
0.00045757
0.00046698
0.00045224
0.00046398
0.00045412
0.00049616
0.00046073
0.00046979
0.00046093
0.00046481
0.00045999
0.00046641
0.00048164
0.00046053
0.00045626
0.00049944
0.00045318
0.00049264
0.00046692
0.00046249
