0.00243458
0.00254348
0.00253913
0.00245655
0.00245204
0.00245373
0.00243914
0.00246151
0.00245274
0.00246015
0.00242597
0.00244236
0.00258051
0.00247707
0.00247649
0.00247965
0.00242701
0.00245087
0.00243113
0.0024475
0.00247164
0.00246187
0.00241954
0.00241497
0.00243785
0.00244983
0.00242815
0.00244522
0.00246249
0.00242674
0.00244987
0.00244037
0.00243359
0.00250616
0.00243492
0.00240689
0.0024302
0.00243624
0.00254333
0.00243251
0.00245501
0.00247207
0.00244672
0.00243253
0.00240302
0.00241492
0.002429
0.00242197
0.0024173
0.00243711
