0.00347264
0.00246134
0.00247615
0.00247695
0.00247981
0.00243804
0.00254995
0.00247758
0.0024596
0.00245155
0.00245649
0.00242196
0.00245113
0.00243536
0.00248133
0.00246451
0.00245885
0.00244459
0.00255535
0.00246187
0.00247418
0.0024609
0.00251076
0.00244954
0.00243404
0.00245034
0.00246665
0.00243426
0.00246854
0.00243221
0.00248359
0.00246076
0.00244099
0.00252317
0.00245499
0.00249539
0.00246996
0.00248212
0.00243772
0.00244955
0.00248755
0.00241475
0.00249716
0.00245599
0.00249679
0.00244641
0.00249197
0.00240447
0.00247189
0.00244644
