0.00048887
0.00045335
0.00047507
0.00047618
0.0004565
0.00048201
0.00048823
0.00045936
0.00048238
0.00046606
0.00047128
0.00047993
0.00046172
0.00045205
0.00048001
0.0004642
0.00045607
0.00049346
0.00046386
0.00046886
0.00046879
0.00046092
0.00046037
0.00046286
0.00047502
0.00047499
0.00047291
0.00046098
0.00047692
0.00046514
0.00048307
0.00046471
0.00046554
0.00046735
0.00048345
0.0004585
0.00049575
0.00045679
0.00046925
0.00046737
0.00046903
0.0004529
0.00047838
0.00046859
0.00045266
0.00049372
0.00046051
0.00047356
0.00046517
0.0004541
