0.00256687
0.00244501
0.00244771
0.00254803
0.00243596
0.00256871
0.00246505
0.00244139
0.00246889
0.00249335
0.00247793
0.00247293
0.00247557
0.00242907
0.00249588
0.00250994
0.00244192
0.00245569
0.00247469
0.00246274
0.00246483
0.002488
0.00254893
0.00246496
0.00247431
0.00245772
0.00249195
0.00253832
0.00247502
0.00247185
0.00249793
0.002468
0.00244163
0.00252249
0.00333983
0.00251121
0.00252305
0.00245386
0.00245767
0.00253713
0.00247965
0.00248733
0.00249926
0.00247227
0.00252474
0.0025163
0.00245308
0.00251295
0.00245095
0.00246834
