0.00254493
0.00246342
0.00242191
0.0025795
0.00245916
0.00244418
0.00254532
0.0024216
0.0024333
0.002442
0.00246139
0.00248586
0.00244094
0.00243556
0.00245207
0.00328503
0.00243125
0.00249189
0.00244723
0.00242063
0.00256258
0.00242118
0.00243509
0.0025017
0.00241983
0.00244781
0.00249428
0.0024232
0.00290111
0.00246094
0.00242888
0.00244802
0.0024501
0.0024387
0.00255433
0.00242694
0.00242276
0.0025302
0.00244057
0.00241167
0.00254586
0.00245323
0.00242281
0.00243855
0.00256098
0.00247849
0.00244482
0.00242039
0.00242913
0.00241759
