0.00049097
0.00048886
0.00047274
0.0004574
0.00047478
0.00048877
0.00049286
0.00048526
0.0004563
0.00049749
0.00047606
0.00048448
0.00046161
0.00045954
0.00045753
0.00046267
0.00047369
0.00047226
0.00048393
0.00047545
0.00047382
0.00046272
0.00046699
0.00045301
0.00045234
0.00047895
0.00045685
0.00048609
0.00046781
0.00047612
0.00047847
0.00048281
0.00047471
0.00048894
0.00045769
0.00046937
0.00047594
0.00046321
0.00046126
0.00046114
0.00046517
0.00047938
0.0004701
0.00047981
0.00048318
0.00047251
0.00047702
0.0004577
0.0004714
0.00046679
