0.00046219
0.00046005
0.0004885
0.00047556
0.00045443
0.00046874
0.0004798
0.00050877
0.00046269
0.00047209
0.00046701
0.00045904
0.0004614
0.0004798
0.00046867
0.0004608
0.00047777
0.00045687
0.00046612
0.00045681
0.00047957
0.00046493
0.00046591
0.00045246
0.00045683
0.0004657
0.00046187
0.00047179
0.00048758
0.00045689
0.00047556
0.00046366
0.00046282
0.00048244
0.00046363
0.00046079
0.00046225
0.00046659
0.00046526
0.00045637
0.00045641
0.00047174
0.00045807
0.00048006
0.00046151
0.00046285
0.00046891
0.00046714
0.0005126
0.00047438
