0.00245728
0.00241948
0.00243672
0.00251232
0.00241773
0.00245602
0.00242317
0.00241539
0.00240418
0.00241064
0.00240227
0.00246598
0.00240659
0.00246586
0.00248583
0.00243078
0.00255198
0.00243195
0.00247839
0.00245799
0.0024114
0.00253589
0.00249304
0.00246483
0.00243097
0.00243973
0.00243032
0.0024964
0.00246584
0.00248891
0.00245094
0.00243076
0.00244743
0.00243842
0.00243482
0.00254963
0.0026665
0.00247221
0.00250671
0.00247555
0.00244272
0.00242412
0.0025402
0.0024272
0.00243343
0.00240915
0.00241105
0.00257385
0.00241529
0.00248721
