0.00265914
0.00247156
0.00247478
0.00257665
0.00249151
0.00251811
0.0025366
0.00250541
0.00247662
0.00248953
0.00251715
0.00252752
0.00252142
0.0025556
0.00249189
0.00249945
0.00263132
0.00243393
0.00246832
0.00258359
0.00252105
0.00251282
0.00259735
0.00247546
0.00250929
0.00267194
0.00248865
0.00252653
0.002509
0.00250398
0.00249515
0.00249366
0.00248815
0.0025265
0.00248314
0.00253719
0.00254234
0.00255694
0.00254988
0.00248802
0.00252241
0.00261583
0.00256347
0.002495
0.00258791
0.0025023
0.00253181
0.00261582
0.0024953
0.00248207
