0.00255318
0.00248485
0.00249431
0.0025682
0.00248425
0.00251532
0.00248719
0.0024795
0.00250727
0.00252247
0.00248239
0.00251407
0.00249634
0.00247281
0.00256576
0.00249914
0.00246066
0.00258035
0.00247566
0.00247624
0.00258231
0.00246375
0.00247656
0.00257175
0.00247083
0.00248107
0.00247528
0.00253526
0.0025299
0.00246818
0.00249088
0.00254449
0.00246306
0.00245643
0.00259307
0.00248186
0.00253131
0.0025454
0.00248936
0.0024785
0.00256951
0.00250958
0.00246619
0.00250533
0.00247992
0.00257271
0.00248333
0.0025433
0.0026256
0.00246094
