0.0026377
0.00255665
0.00258052
0.00272024
0.00254892
0.00257098
0.00270754
0.00255664
0.0025664
0.00266526
0.0025114
0.00251407
0.00252422
0.00259521
0.00258855
0.00254983
0.00252864
0.00257708
0.00250951
0.00254322
0.00253314
0.00254976
0.00278828
0.00255297
0.00255485
0.00269141
0.00255146
0.00256836
0.00267405
0.00254878
0.00256039
0.002602
0.0024954
0.00250317
0.00266179
0.00254756
0.00258776
0.0027172
0.00257022
0.00250512
0.00265438
0.00256793
0.00257593
0.00255606
0.00253736
0.00258715
0.00255926
0.0025509
0.00260172
0.00254587
