0.00047462
0.00045416
0.0004539
0.00047352
0.00045215
0.00044425
0.00055819
0.00044761
0.00046217
0.00046159
0.00045145
0.00046081
0.00046514
0.00045837
0.0004548
0.00044953
0.00046512
0.00045676
0.00046587
0.00046453
0.00046455
0.00045008
0.00061232
0.00046888
0.00045976
0.00047518
0.00045619
0.00046885
0.00047822
0.00045105
0.00047014
0.00047487
0.00045208
0.00046487
0.00048581
0.00044774
0.00045381
0.00046678
0.00047298
0.00045365
0.00046131
0.00046946
0.00047355
0.00046061
0.00044915
0.00046002
0.00045465
0.00047128
0.00045847
0.00046377
