0.00048947
0.00045992
0.0004519
0.00048283
0.00046883
0.0004616
0.00045969
0.00047525
0.00047437
0.00044887
0.00047228
0.00045545
0.00047163
0.00046775
0.00046319
0.00045382
0.00048253
0.00046792
0.00045178
0.0004776
0.00045673
0.00046916
0.00045932
0.00046858
0.00044733
0.00046674
0.00046258
0.00046431
0.00046549
0.00046128
0.00044684
0.00046067
0.00045282
0.00046199
0.0004484
0.00046079
0.00046878
0.00046645
0.00047037
0.00045175
0.00046358
0.00048194
0.00046851
0.00046615
0.00047967
0.00045373
0.0004624
0.00047435
0.00046476
0.00045099
