0.00047728
0.00045931
0.00046108
0.00045746
0.00046157
0.00045376
0.00047681
0.00046141
0.00046677
0.00047207
0.00046737
0.00045608
0.00046632
0.00045884
0.0004807
0.0005961
0.00047335
0.0004567
0.00045858
0.00047085
0.0004604
0.00046302
0.00046683
0.0004766
0.00046461
0.00045959
0.00046199
0.00045547
0.00046296
0.00046665
0.00045143
0.00047018
0.00046408
0.00048391
0.00046705
0.0004556
0.00045615
0.00055909
0.00046574
0.00045834
0.00047479
0.00045882
0.00047109
0.00046304
0.00048369
0.00046221
0.00046271
0.00045785
0.00045941
0.00046144
