0.00047755
0.00047281
0.00045552
0.0004682
0.00045952
0.00047624
0.00046608
0.00047021
0.00046461
0.00045966
0.00046698
0.00047676
0.00060091
0.00047273
0.00047386
0.0004561
0.00046228
0.00045354
0.00048641
0.00047102
0.00046318
0.00046344
0.00045125
0.00047238
0.00046765
0.00047573
0.00045216
0.00047707
0.00046011
0.00046851
0.00048326
0.00046917
0.00046249
0.00046362
0.00046483
0.00045802
0.00045426
0.00046055
0.00046998
0.00046199
0.00046264
0.00046992
0.00046654
0.00046078
0.00046724
0.00047207
0.00047132
0.00046569
0.00046179
0.00045214
