0.00047866
0.00047542
0.00045745
0.00048039
0.00048367
0.00048576
0.00048303
0.00048145
0.00046968
0.00047379
0.00047815
0.00046771
0.00047883
0.00048138
0.00048788
0.00047125
0.0004649
0.0004647
0.00047177
0.00045521
0.00046072
0.0004527
0.00047571
0.00046512
0.00047368
0.000484
0.00045403
0.00047231
0.00048919
0.00046755
0.00047932
0.00047759
0.0004743
0.0004716
0.00049134
0.00047053
0.00050761
0.0004857
0.00049449
0.00048416
0.00048926
0.0004744
0.00047211
0.00047743
0.00048761
0.0004828
0.00047113
0.00045769
0.00047748
0.0004796
