0.00407618
0.00388112
0.00390403
0.00395833
0.00389011
0.00387524
0.00393646
0.00390803
0.00389202
0.00402372
0.00392946
0.00389068
0.00402737
0.00387427
0.00388073
0.00397727
0.00392313
0.00395978
0.00389989
0.0038786
0.00391131
0.00390001
0.00392227
0.00391908
0.00390957
0.00388424
0.00397998
0.00393491
0.00393221
0.00401885
0.00393596
0.00392604
0.00393534
0.00408477
0.00392844
0.003923
0.00392578
0.0039539
0.00391117
0.00391445
0.00396244
0.00389378
0.00390547
0.00393901
0.00408071
0.00395803
0.00404135
0.00396184
0.00394586
0.00393623
