0.00023136
0.00022677
0.00022712
0.00023332
0.0002145
0.0002163
0.00025492
0.00021589
0.00023079
0.00022282
0.00022022
0.00024013
0.00022353
0.00022833
0.0002212
0.00021796
0.00022842
0.00022145
0.00022029
0.00023125
0.00021902
0.00021867
0.00022865
0.0002172
0.00021629
0.00021907
0.00022427
0.00021856
0.00022495
0.00022514
0.00022021
0.00022251
0.00022072
0.00022554
0.00021651
0.00022211
0.00022772
0.00022214
0.00023268
0.00022485
0.00021958
0.00023062
0.00022432
0.00022076
0.00022695
0.00023114
0.00022889
0.00022621
0.00023015
0.00021521
