0.001462
0.00141448
0.00139784
0.00145964
0.00146201
0.00140307
0.00142706
0.00145582
0.00142024
0.00142623
0.00143272
0.00141168
0.00142867
0.0014378
0.00138628
0.00138336
0.00142232
0.0013966
0.0014243
0.00140509
0.00139833
0.00140835
0.00142125
0.00138563
0.00141312
0.00143963
0.00140844
0.00140975
0.00144332
0.00139225
0.00139561
0.00141296
0.00137763
0.00138609
0.00145841
0.00139521
0.00143883
0.00145592
0.00144887
0.00144137
0.00146043
0.00146911
0.00139733
0.00141408
0.00150804
0.00143232
0.00141484
0.00138783
0.00140827
0.00142394
