0.00077852
0.00076071
0.00076099
0.0007491
0.00073422
0.00076693
0.00073532
0.00075002
0.00077556
0.00074835
0.00073845
0.00078429
0.00075632
0.00073796
0.00074948
0.00073983
0.00074031
0.00076071
0.00075268
0.00072984
0.00074424
0.00074047
0.00074857
0.00075223
0.00074927
0.000735
0.00074602
0.00072633
0.00075649
0.00075043
0.00077163
0.00074935
0.00076711
0.00076883
0.00074007
0.00074996
0.00077493
0.00074586
0.00074378
0.00077648
0.00074987
0.0007316
0.00076826
0.00074736
0.00072723
0.00073876
0.0007386
0.00075719
0.00073798
0.00073861
