0.00066372
0.00061963
0.00062278
0.00066119
0.00063013
0.00062533
0.00063948
0.00062063
0.00065014
0.000621
0.00063101
0.00062183
0.00063769
0.00064429
0.00062945
0.00062115
0.00065119
0.00062762
0.00062749
0.00065634
0.00063804
0.00062692
0.00067571
0.00065215
0.00062899
0.00065828
0.00063154
0.00064796
0.00067041
0.00063558
0.00063171
0.00066137
0.00062678
0.00064129
0.00062327
0.00062656
0.00062148
0.00064465
0.00063334
0.00063956
0.00064401
0.00065814
0.00063278
0.00062833
0.00064443
0.00062423
0.00061974
0.00066081
0.00063515
0.00062996
