0.000661
0.00062455
0.00062536
0.00065502
0.00066018
0.00062734
0.0006299
0.0006426
0.00062848
0.00062543
0.00065282
0.00062171
0.00062823
0.00063801
0.00063083
0.00062521
0.00069026
0.00063281
0.0006187
0.0006467
0.00062262
0.00064265
0.00062118
0.00062942
0.00062128
0.0006297
0.00063855
0.0006273
0.00063882
0.00063812
0.00061738
0.00062122
0.00064961
0.0006543
0.00062525
0.00063398
0.00062519
0.00064353
0.00065723
0.00061914
0.00064401
0.00065968
0.00062925
0.0006293
0.00065509
0.00062137
0.00062708
0.00063923
0.00062858
0.00061749
