0.0010085
0.00096716
0.00097036
0.00099621
0.00099188
0.00098073
0.00096037
0.00097192
0.0009714
0.00095782
0.00097578
0.00096618
0.00095832
0.00096799
0.00096573
0.00095541
0.00096762
0.00097041
0.00097113
0.00096704
0.00096002
0.0009738
0.00099542
0.00095005
0.00096918
0.00096777
0.00100372
0.00096939
0.00098303
0.00097764
0.00098963
0.00098235
0.00096539
0.00097687
0.00102965
0.00096295
0.00097225
0.00096106
0.00096681
0.00100868
0.00098287
0.00097598
0.00095733
0.0009829
0.00098773
0.00096786
0.00097858
0.00096294
0.00095892
0.00098756
