0.00237319
0.00225487
0.0022344
0.00234725
0.00227814
0.00225697
0.00225665
0.00225073
0.00226187
0.00223533
0.00224384
0.00222888
0.00226472
0.00225935
0.00224465
0.00224669
0.00230624
0.00225939
0.0023452
0.00223892
0.00239243
0.00234072
0.00226562
0.00225402
0.00225605
0.00229084
0.00224061
0.00224356
0.0022965
0.00223886
0.0022544
0.00235665
0.00225527
0.00225411
0.00229714
0.00225162
0.00224259
0.00230628
0.00225461
0.00225313
0.00231174
0.00224555
0.00225712
0.00233087
0.00225381
0.00227065
0.00233905
0.00224862
0.0022442
0.00232357
