0.00756569
0.00720508
0.00719661
0.00727104
0.00733012
0.00721962
0.00736367
0.00720662
0.00722729
0.00721399
0.00722147
0.00727498
0.00734325
0.00725091
0.00735178
0.0072413
0.00722634
0.00733314
0.00725344
0.00735844
0.00731181
0.00724279
0.00727456
0.00724005
0.00737424
0.00743632
0.00726277
0.00740062
0.00728466
0.0072766
0.0072848
0.0072254
0.00743786
0.00728996
0.00723435
0.00806487
0.00723861
0.00735755
0.00724435
0.00734744
0.0073788
0.0072431
0.00724378
0.00732143
0.00723995
0.00742285
0.00725073
0.00723266
0.00756648
0.00723159
