0.00467136
0.00326238
0.0033516
0.00321286
0.00323044
0.00319889
0.00318963
0.00320985
0.00320859
0.00325023
0.00321217
0.00319821
0.00334956
0.00320285
0.00322666
0.00321023
0.00322134
0.00321305
0.0033581
0.00322377
0.00321378
0.00322798
0.00323993
0.00321928
0.00321152
0.0031936
0.00323546
0.00320068
0.0032257
0.00319155
0.00323825
0.00320577
0.00318987
0.00322926
0.00322291
0.00323499
0.00321555
0.00320273
0.00325906
0.00322491
0.00320167
0.00321825
0.00323934
0.0032112
0.00321765
0.00321616
0.00322783
0.00320411
0.00322143
0.00322912
