0.00532462
0.00514835
0.00521104
0.00518484
0.00518659
0.00517355
0.00532208
0.00514118
0.00516439
0.00517849
0.00514588
0.0051688
0.00518612
0.00516311
0.00517975
0.00515545
0.00518401
0.0051862
0.00533773
0.00529869
0.00519303
0.00518524
0.00518829
0.00518529
0.00518235
0.00516327
0.00529718
0.00532606
0.00517689
0.00518053
0.0051525
0.00520289
0.00518573
0.00516826
0.00528257
0.00519087
0.00533665
0.005202
0.0051857
0.00518647
0.00518492
0.00521225
0.00520044
0.00517194
0.00518248
0.00519047
0.00516858
0.0051723
0.00524477
0.0051932
