0.00048201
0.00044901
0.00047523
0.00045477
0.00045124
0.0004736
0.00044861
0.0004582
0.00045614
0.00045773
0.00046312
0.00045215
0.0004666
0.00045752
0.00045441
0.00046001
0.00047003
0.00046316
0.00045592
0.00045927
0.000456
0.00045553
0.00045396
0.00045788
0.00047413
0.0004506
0.00045975
0.00047075
0.00046305
0.00046551
0.00045963
0.00045556
0.00046095
0.00047067
0.00046149
0.0004632
0.00045208
0.00048345
0.00047463
0.00044807
0.00044908
0.00046181
0.00047257
0.00046221
0.00045887
0.00045938
0.00045869
0.00048482
0.00046127
0.00046555
