0.00133765
0.00122005
0.00121364
0.00121269
0.00120151
0.0012097
0.00121819
0.00121634
0.00121023
0.00131748
0.0011911
0.00119746
0.00119338
0.001202
0.00120343
0.00120692
0.0012162
0.00121725
0.00125102
0.00120325
0.00119263
0.00122031
0.00119831
0.00120873
0.00120199
0.00118101
0.00123324
0.00121939
0.00121015
0.00120467
0.00119972
0.00121603
0.00121596
0.00121279
0.00118994
0.00121429
0.0011968
0.00121167
0.00120396
0.00121488
0.00120396
0.00121008
0.00120729
0.00120556
0.00119215
0.00120675
0.00122326
0.00123793
0.00121628
0.00118563
