0.00297309
0.00282885
0.00280898
0.00284553
0.0027635
0.00281324
0.00279423
0.00281644
0.00282936
0.00279507
0.00281921
0.00283198
0.0027995
0.00282587
0.00284743
0.00283085
0.00280395
0.00281998
0.00280194
0.0028031
0.00279409
0.00280475
0.00281186
0.00279722
0.00291696
0.00281548
0.00281638
0.0028286
0.00282564
0.00281783
0.00280245
0.0028358
0.00281856
0.00279504
0.00281443
0.00282602
0.00290365
0.0028035
0.0027981
0.00283798
0.00284426
0.00278842
0.00279345
0.00280697
0.00280149
0.00281051
0.00280491
0.00278506
0.00280162
0.00283364
