0.00196629
0.00197692
0.00197409
0.00198163
0.00200619
0.00198916
0.00198508
0.00199372
0.00198334
0.00200268
0.00197726
0.00200834
0.00198789
0.00204165
0.00199364
0.00198605
0.00197647
0.00199616
0.00199537
0.00197895
0.00198997
0.00198992
0.00197893
0.00198354
0.00197668
0.00199545
0.00196156
0.00196755
0.00199853
0.00201118
0.00197337
0.0021824
0.00198667
0.00200117
0.00197861
0.00197834
0.00200505
0.00198195
0.00199467
0.0020302
0.00198014
0.00196758
0.00197663
0.00200268
0.00198495
0.00199895
0.00200284
0.001996
0.00196532
0.00198642
