0.00425589
0.00421889
0.00425516
0.00423769
0.00424469
0.00424261
0.00425656
0.00424639
0.00425076
0.00426876
0.00425055
0.00425443
0.00433279
0.00425605
0.00426218
0.00426391
0.00436583
0.00423795
0.00424201
0.00422437
0.00426375
0.00444552
0.00426266
0.0042777
0.00429553
0.00427532
0.00426316
0.00424594
0.00425044
0.00427485
0.00422646
0.00425673
0.00424231
0.00425654
0.00425058
0.00425654
0.00425609
0.00424259
0.00424888
0.00465006
0.00427235
0.00425034
0.00425721
0.00431067
0.00424207
0.00424498
0.00425235
0.0042553
0.00426084
0.00425389
