0.00261727
0.00252988
0.00268144
0.00255333
0.00254707
0.00260075
0.00259122
0.00252804
0.00255677
0.00249621
0.00254153
0.00253762
0.00252272
0.00252644
0.00251562
0.00261906
0.0025514
0.00255401
0.00253732
0.00252655
0.00254873
0.00257261
0.00251877
0.00254351
0.00254212
0.00254985
0.0025642
0.0025319
0.00253354
0.00257896
0.00258182
0.00256096
0.00252974
0.00254261
0.00255968
0.00252936
0.00254091
0.0027305
0.00257579
0.00253648
0.00301884
0.0025125
0.00251763
0.00252892
0.00252266
0.0025509
0.00251476
0.00255329
0.00251901
0.00255221
