0.00121929
0.00121118
0.00119304
0.00122099
0.00120109
0.00120456
0.00118766
0.00120018
0.00119574
0.00118565
0.00120106
0.00124074
0.00118256
0.00120511
0.00120884
0.00119005
0.00119761
0.00121955
0.00119559
0.00118569
0.00117519
0.00119877
0.00119418
0.00120565
0.00120114
0.00118771
0.00117826
0.00119806
0.00125046
0.00118793
0.00117885
0.00121089
0.00120652
0.00118737
0.00120025
0.0011884
0.00118309
0.00119688
0.00120254
0.00118854
0.00122437
0.00117581
0.00118855
0.00118739
0.00118875
0.001186
0.00120051
0.00120303
0.00119827
0.00118946
