0.00949098
0.0093175
0.00937728
0.00933728
0.00930884
0.00929813
0.00934463
0.00931655
0.00933146
0.00934187
0.0093311
0.00939226
0.0093105
0.00931191
0.00940549
0.00931739
0.00939573
0.00936671
0.00932321
0.00936709
0.00932086
0.00932739
0.00942795
0.00929907
0.00931106
0.0093376
0.00931551
0.00935331
0.00933387
0.0093123
0.00938246
0.00930282
0.00934284
0.00931141
0.00935248
0.00937893
0.00927489
0.00951359
0.00933338
0.00935696
0.009311
0.00930392
0.00934865
0.0093376
0.00932032
0.00939448
0.00930547
0.00932653
0.0093191
0.00974959
