0.00066255
0.00061712
0.00062675
0.00063936
0.00061819
0.00063913
0.00062137
0.00062885
0.00061844
0.00062176
0.00061963
0.00062505
0.00062736
0.00062691
0.00061946
0.00062489
0.00063067
0.0006255
0.00061781
0.00062244
0.00061738
0.00063998
0.00062811
0.00064212
0.00062913
0.00061793
0.00062981
0.00063108
0.00062638
0.00062671
0.0006183
0.00062357
0.00063012
0.00062219
0.00061827
0.00062683
0.00062409
0.00067446
0.00063347
0.00062614
0.00062322
0.0006216
0.00062382
0.00062511
0.00061767
0.00062787
0.00062013
0.00063378
0.00061715
0.00062493
