0.00195878
0.00198261
0.00196758
0.00194527
0.00198417
0.0019342
0.00197935
0.00194655
0.00195402
0.00196441
0.00196878
0.00198217
0.00195851
0.00194805
0.00194112
0.00194804
0.00199567
0.00195793
0.00225554
0.00195615
0.00196687
0.00197059
0.00193844
0.00199836
0.00196386
0.00197499
0.00195174
0.00195048
0.00195838
0.00195815
0.00197447
0.0019447
0.00195946
0.00194802
0.00196526
0.00196318
0.00195623
0.00194352
0.0019582
0.00198273
0.00198468
0.00196756
0.00196244
0.00194895
0.00195867
0.00195507
0.00194432
0.00197736
0.00195645
0.00195973
