0.00444893
0.00441572
0.00438824
0.00438458
0.00442704
0.00440489
0.00438137
0.00451083
0.00440017
0.00442494
0.00440052
0.00441733
0.00438956
0.00440893
0.00456217
0.00439628
0.00440796
0.00439396
0.0045123
0.0043858
0.00438799
0.0044076
0.00439947
0.00442497
0.00438728
0.00441062
0.00442433
0.00438492
0.00441094
0.00440608
0.00440423
0.00440557
0.00441213
0.0044198
0.00441722
0.00440963
0.00442224
0.00440584
0.00439563
0.00440643
0.00438732
0.00439712
0.00439412
0.00438435
0.00441477
0.00442792
0.00442214
0.0044118
0.00440968
0.00440204
