0.00059963
0.00061849
0.00062033
0.00060663
0.00059998
0.0006072
0.00059534
0.00059723
0.00059903
0.0006063
0.00059792
0.00063011
0.00060227
0.00061582
0.00059577
0.00059942
0.00060543
0.00062014
0.00061234
0.00059403
0.00063325
0.00063063
0.00061638
0.00062145
0.00060548
0.00061327
0.00061373
0.00060959
0.00060022
0.00061192
0.00061482
0.00062471
0.00060005
0.00059703
0.00061441
0.00060662
0.00060393
0.00060746
0.0006166
0.00060537
0.00060333
0.00060296
0.00061431
0.00061267
0.00063631
0.00060673
0.00059995
0.00061314
0.00062264
0.00061133
