0.00130077
0.00124771
0.00123464
0.00124083
0.00125682
0.00127003
0.00125855
0.00125194
0.00124717
0.00126994
0.0013096
0.00125969
0.00124706
0.00130221
0.00128757
0.00125814
0.00124599
0.0012341
0.00127848
0.00124747
0.00124802
0.00124764
0.00128336
0.00126005
0.00123063
0.00124136
0.00127688
0.00127333
0.00123755
0.00124435
0.00124312
0.00128418
0.00126438
0.00123266
0.00123995
0.00126798
0.00123065
0.00123877
0.00124191
0.00131347
0.00126157
0.00125546
0.00125665
0.00123774
0.00128431
0.00124776
0.00125493
0.0012435
0.00132261
0.00126182
