0.00026696
0.0002524
0.00028167
0.00026128
0.00026691
0.00026169
0.00025969
0.00028051
0.00025529
0.00026398
0.0002705
0.00027216
0.00026681
0.00027385
0.00027803
0.00025636
0.00028062
0.0002593
0.00025486
0.00025621
0.00026692
0.00027194
0.0002603
0.00026838
0.00026941
0.00027142
0.00036388
0.00025615
0.00025915
0.00026049
0.00025592
0.00025701
0.00026125
0.00027433
0.00026358
0.00028861
0.000257
0.00025426
0.00027199
0.00026254
0.00025572
0.00026566
0.00026019
0.00026096
0.00026225
0.00025702
0.00026549
0.00025581
0.00025959
0.00026009
