0.00271684
0.0027262
0.00268982
0.00269162
0.00270534
0.00268387
0.00269724
0.0026797
0.00269504
0.0027164
0.00270329
0.0026953
0.0027004
0.00270618
0.00271578
0.00273913
0.00269919
0.00269781
0.00270187
0.00274993
0.00278086
0.00270228
0.0027158
0.00271668
0.00271923
0.00270357
0.00272559
0.00273449
0.00274199
0.00272728
0.00270924
0.00276668
0.00270977
0.00272945
0.00269905
0.00271715
0.00268214
0.00275114
0.00272656
0.00275866
0.00274165
0.00272303
0.0027296
0.00272822
0.00271731
0.00273998
0.00274259
0.00270968
0.00273318
0.00275711
