0.00991023
0.00993062
0.00988553
0.00993016
0.00994957
0.0100383
0.00991984
0.00989206
0.00993392
0.00992257
0.0100407
0.00990678
0.00990528
0.0099137
0.0099722
0.00993456
0.010303
0.0099122
0.00997635
0.00990035
0.00990881
0.00988298
0.0100215
0.00990926
0.00993249
0.00989548
0.00987706
0.010068
0.00988956
0.0099457
0.00988717
0.00991545
0.00989948
0.0101108
0.00994704
0.0100941
0.00988622
0.00997337
0.0100447
0.0102233
0.00993914
0.00993062
0.00988463
0.00990094
0.00990463
0.0100276
0.00995379
0.00989752
0.00987653
0.0136799
