0.00073878
0.00072256
0.00074001
0.00072656
0.00072916
0.0007342
0.00072623
0.00072165
0.0007189
0.00071428
0.00070516
0.00068694
0.00068803
0.000702
0.00069125
0.00068843
0.00068497
0.00070721
0.00069625
0.00069358
0.0007042
0.00072908
0.00072177
0.00069906
0.00068969
0.00071562
0.00071939
0.00072399
0.00071707
0.00070958
0.00069121
0.0007046
0.00069679
0.00071273
0.00069254
0.00070181
0.00069953
0.00070763
0.00070777
0.0007002
0.00069521
0.00070469
0.00070463
0.00072057
0.00071655
0.00072712
0.00071363
0.00071262
0.0007223
0.00071006
0.00070993
0.00072316
0.00071252
0.00069126
0.00068583
0.00068939
0.00068396
0.00068041
0.00068215
0.00068546
0.00068805
0.00069911
0.00070275
0.00068117
0.00073002
0.00071203
0.00070576
0.00071087
0.00070819
0.00069647
0.00069505
0.00070028
0.00069764
0.00069013
0.00068176
0.00068828
0.00069476
0.00069685
0.00067851
0.00068035
0.00068871
0.00069562
0.0006852
0.00071132
0.00072089
0.00071865
0.00071858
0.00071722
0.00069749
0.00071223
0.00070698
0.00071286
0.0007018
0.00072253
0.00071919
0.00069792
0.00069145
0.00068919
0.0007037
0.0006963
0.00068593
0.00069848
0.00069499
0.0007257
0.00071616
0.00070797
0.00070587
0.00070613
0.00070486
0.00072916
0.00068885
0.00068649
0.00069924
0.00069251
0.00068279
0.00068044
0.00068333
0.00070125
0.00069942
0.00069823
0.00068207
0.00069201
0.00077384
0.0007277
0.00072614
0.0007379
0.00072607
0.00071091
0.00070388
0.00072081
0.00070688
0.00070976
0.00069761
0.00069948
0.0006982
0.00067961
0.00069022
0.00069141
0.00069395
0.000682
0.0006909
0.00068666
0.00072879
0.00070595
0.00071597
0.00075382
0.00072533
0.00072696
0.00072645
0.00072991
