0.00015684
0.0001562
0.00015314
0.00015281
0.00015789
0.00015663
0.00015636
0.00015713
0.00015255
0.00023102
0.00016982
0.00016452
0.000156
0.00015372
0.0001565
0.00015577
0.00015498
0.00015777
0.00015851
0.00015523
0.0001561
0.00015786
0.00015574
0.00015572
0.00015518
0.00015507
0.00015396
0.00015711
0.00016455
0.00015705
0.00015482
0.00015454
0.0001595
0.00015813
0.00018574
0.00015763
0.0001525
0.00016706
0.00015614
0.00015401
0.00015339
0.00015189
0.00015891
0.00015346
0.00015631
0.00015695
0.00015813
0.00015455
0.00019613
0.00015184
