0.00181921
0.0017695
0.00186573
0.00183083
0.00182143
0.00181495
0.00177347
0.00178335
0.00176979
0.00178147
0.00186792
0.00187234
0.00183953
0.00185743
0.00185621
0.00178714
0.00178756
0.0018317
0.00175428
0.0017795
0.00176586
0.00181645
0.00176774
0.00181929
0.00186951
0.00176937
0.00176468
0.00174841
0.00177154
0.0017906
0.00178733
0.00180136
0.00179833
0.00179707
0.00182007
0.00184575
0.00175374
0.00179121
0.00177869
0.00176002
0.00176316
0.00177712
0.0018373
0.00175697
0.00176236
0.00177569
0.00182039
0.00176899
0.0017994
0.0017769
