0.00501331
0.0050057
0.00502374
0.00503849
0.00498857
0.00499328
0.00498403
0.00499392
0.00498343
0.00496497
0.00499646
0.00503304
0.00508338
0.00502217
0.00504613
0.00500495
0.00507149
0.00498392
0.00502452
0.0050919
0.00497518
0.00497455
0.00499298
0.00501923
0.00502486
0.00499086
0.00496259
0.00499088
0.00498638
0.0050079
0.00520316
0.00504296
0.00544665
0.00501024
0.00496891
0.00497534
0.00509017
0.00501071
0.00504696
0.0050237
0.00499455
0.00504861
0.00500429
0.00545841
0.0051537
0.0050071
0.00499573
0.00501319
0.00501701
0.00498939
