0.00087341
0.00089671
0.00086863
0.00087622
0.00083638
0.00083959
0.00087149
0.00085733
0.0008331
0.00085002
0.0008443
0.00084091
0.00084084
0.00084656
0.00086144
0.00085918
0.0008393
0.00085521
0.00085231
0.00088499
0.000887
0.00085355
0.00088842
0.00089084
0.00087608
0.00084521
0.00084772
0.00084267
0.00083117
0.00085722
0.00084079
0.00084861
0.00083657
0.00083063
0.0008616
0.0008563
0.00084668
0.00085151
0.00099556
0.00088517
0.00085026
0.00085711
0.00085104
0.0008463
0.00084756
0.00085412
0.00084919
0.00085793
0.00082884
0.0008587
