0.00301187
0.00323706
0.00299391
0.00305541
0.00308675
0.00301596
0.00299894
0.0031322
0.00309969
0.00299101
0.0030257
0.00299398
0.00304276
0.00304943
0.00303673
0.00316413
0.00300512
0.00308849
0.0030317
0.0030658
0.00298557
0.00302166
0.00306629
0.0031473
0.00299293
0.00303686
0.00314877
0.00299971
0.00309134
0.00301686
0.0031671
0.00301344
0.00305903
0.00303346
0.00310179
0.0030753
0.00301583
0.00302185
0.00314455
0.00297119
0.00301824
0.00428151
0.00313634
0.00304754
0.00301006
0.00309753
0.00303097
0.00301041
0.00303898
0.00301059
