0.00590648
0.00630355
0.00609035
0.00579267
0.00595354
0.00567871
0.00589287
0.00605636
0.00596263
0.00695306
0.005918
0.00587209
0.00571432
0.00582448
0.0058402
0.00572742
0.00581978
0.00590226
0.00809924
0.00609085
0.00632934
0.00589697
0.00604338
0.00612155
0.00613372
0.00569504
0.00578849
0.00582721
0.0057726
0.00573291
0.00578939
0.00601502
0.00576529
0.00584893
0.00584518
0.0057981
0.00565058
0.00590357
0.00574703
0.00604684
0.00604053
0.00579057
0.00600166
0.00577353
0.005798
0.00587047
0.00576332
0.00569379
0.00577234
0.00573294
