0.00141372
0.00140583
0.00140816
0.00141974
0.00140558
0.00141707
0.00139422
0.00140161
0.00143181
0.00140896
0.00141597
0.00140394
0.00141039
0.00141698
0.001435
0.0014063
0.00145979
0.00142207
0.00141649
0.00143662
0.00141909
0.0014163
0.00139912
0.00142118
0.00141742
0.00140999
0.00142285
0.00146502
0.0014128
0.00141708
0.00141259
0.00140562
0.00141128
0.00143038
0.00141823
0.00141947
0.00141862
0.00140927
0.00145969
0.00141719
0.00141614
0.00142181
0.00141928
0.00142468
0.00143006
0.00140918
0.00142447
0.00141625
0.00142249
0.00141372
