0.00022334
0.00021833
0.00021546
0.00028132
0.00021678
0.00029522
0.00026467
0.00022357
0.00021567
0.00022335
0.00029045
0.00030434
0.00026656
0.00020818
0.00027271
0.00028189
0.00022697
0.00021316
0.00021829
0.0002892
0.00027189
0.00023499
0.00029319
0.00021323
0.00021413
0.00021213
0.00021541
0.00022572
0.00021295
0.00025672
0.00021391
0.00021848
0.00028334
0.00021569
0.00025539
0.00024417
0.00026617
0.0002571
0.00020879
0.0002807
0.00021845
0.00023257
0.00023125
0.00021149
0.00028352
0.00021149
0.00023408
0.00021151
0.00021104
0.0002772
