0.00082695
0.000816
0.00081762
0.00083116
0.00081245
0.0008157
0.00081848
0.00081249
0.0008169
0.00081628
0.00081131
0.00082839
0.00081059
0.00081048
0.00082011
0.00081786
0.00081491
0.0008174
0.00082452
0.00080657
0.00085743
0.00081925
0.00082592
0.00083032
0.00083055
0.00082735
0.00082768
0.00081423
0.00081037
0.00082506
0.00081235
0.00081153
0.00081218
0.00081787
0.00080887
0.00082275
0.00081456
0.00082624
0.00082241
0.00080417
0.00082287
0.00081243
0.00082876
0.00082706
0.00081131
0.00080536
0.00081957
0.00083528
0.00081466
0.00083973
