0.00019061
0.00017361
0.00018479
0.00016836
0.00017686
0.00017803
0.00016891
0.00019438
0.00017211
0.00017474
0.00017909
0.00018345
0.00018704
0.00018051
0.00018482
0.00017189
0.00017481
0.00017897
0.00018032
0.0002167
0.00017462
0.00018128
0.00017993
0.00019493
0.00018014
0.00018062
0.00017191
0.0001732
0.00019939
0.00016964
0.00018025
0.0001742
0.0001736
0.00017126
0.00018414
0.00017032
0.00017184
0.00017533
0.00017709
0.00017501
0.00016948
0.00018977
0.00018915
0.00018994
0.0001727
0.00017353
0.00020093
0.00016521
0.0001706
0.00018233
