0.00061571
0.00062868
0.00061471
0.00059065
0.00059234
0.00060248
0.00061115
0.00062249
0.00061186
0.00060103
0.00059063
0.00059773
0.00059182
0.00060031
0.00060978
0.00059845
0.00058207
0.00059305
0.00059462
0.00061826
0.00062123
0.00061173
0.00062315
0.00062274
0.00062283
0.00058183
0.0005937
0.0005894
0.0005893
0.00059573
0.00059429
0.00060507
0.00059822
0.00059161
0.00059284
0.00059408
0.00059942
0.00060084
0.00059732
0.00059676
0.00059869
0.00059125
0.00059703
0.00059381
0.00060035
0.00059287
0.00058796
0.00059394
0.00058778
0.00058924
