0.00019861
0.00020196
0.00020679
0.00019433
0.00018604
0.00019324
0.00020169
0.00026562
0.00019755
0.0001867
0.00021263
0.00019346
0.0001891
0.00019165
0.0001973
0.00019216
0.0001978
0.0001881
0.00019637
0.0002414
0.00020108
0.00024496
0.00019715
0.00018754
0.00019162
0.00019531
0.00021499
0.00019261
0.00019481
0.00019605
0.00020188
0.00018776
0.00019028
0.00018848
0.00018882
0.00019922
0.00023375
0.00019664
0.00019038
0.00019108
0.00018852
0.00019312
0.00020585
0.0001952
0.00019816
0.00020489
0.0001923
0.00019505
0.00024467
0.00023447
