0.00068034
0.0006775
0.0006673
0.00066643
0.0006819
0.0006733
0.00066633
0.00066432
0.00068078
0.00067083
0.00066773
0.00068025
0.00066797
0.00066476
0.00067048
0.00067527
0.00067627
0.00065886
0.00068061
0.0006811
0.00068222
0.00069906
0.00067524
0.00067541
0.00066819
0.00067037
0.00067835
0.00066905
0.00067933
0.00066825
0.00067545
0.00066999
0.00066614
0.00066831
0.00068932
0.00067984
0.00067283
0.00066002
0.00067597
0.00068193
0.00067847
0.00067002
0.00067857
0.00067077
0.00067839
0.00068232
0.00067521
0.00067019
0.0006711
0.00066767
