0.00111228
0.0010835
0.00109875
0.00110043
0.00108526
0.00107881
0.0011025
0.00109206
0.00110155
0.00109773
0.00110215
0.00108463
0.00110744
0.00108337
0.00110783
0.00109571
0.0010993
0.00109602
0.00110236
0.00110248
0.00110754
0.00109581
0.00110116
0.00109946
0.00110396
0.00109765
0.00109783
0.00110006
0.00109081
0.00110664
0.00111989
0.00109118
0.0011072
0.0011013
0.00111175
0.00109974
0.00110434
0.00110385
0.00111402
0.00110972
0.00109466
0.00111187
0.0011069
0.00113211
0.00115656
0.00109122
0.00110613
0.0011021
0.00107807
0.00108594
