0.00992863
0.00800383
0.00788336
0.00798068
0.00794497
0.00800429
0.00812039
0.00799164
0.0082445
0.00777483
0.00806317
0.00823115
0.0081255
0.00842131
0.00829635
0.00857229
0.00798799
0.00783523
0.00806632
0.00929598
0.00795936
0.00858387
0.00778392
0.00775544
0.00808209
0.00825164
0.00789712
0.00793946
0.00773699
0.007793
0.00784933
0.00801972
0.00807732
0.00775248
0.00784291
0.00785391
0.00801913
0.00789808
0.00798648
0.00805477
0.00801369
0.00829299
0.00784334
0.00803182
0.00798278
0.00780115
0.00777526
0.0078799
0.0077418
0.00814456
