0.00447572
0.0041423
0.00396023
0.0039472
0.00392848
0.00414921
0.00395467
0.00395152
0.00391798
0.00396828
0.00404184
0.00409311
0.00397215
0.00395724
0.00417216
0.00413767
0.00398048
0.00393295
0.00413285
0.00398684
0.00395037
0.00404374
0.00393687
0.004101
0.00397136
0.00392699
0.00392814
0.00412123
0.00395634
0.00397144
0.00393855
0.00416086
0.00394253
0.0039765
0.00395832
0.00395558
0.00399649
0.00394601
0.00393328
0.00397093
0.00410453
0.00395001
0.0039434
0.0039444
0.00416909
0.00399181
0.00396991
0.00404336
0.00393306
0.00410741
